17
37
48
10
66
31
97
65
45
46
35
31
34
81
63
24
84
45
44
66
57
53
9
27
35
1
97
26
99
57
99
32
0
89
7
13
77
27
7
98
88
93
35
12
28
93
23
37
87
94
33
91
4
62
44
62
66
51
76
44
67
83
46
24
86
56
61
13
15
71
18
83
48
80
31
41
24
86
74
23
68
55
76
93
73
89
73
58
26
89
75
23
93
9
83
70
1
90
58
24
57
17
24
69
19
13
52
29
99
41
72
18
86
34
69
22
29
68
16
15
78
72
50
9
33
12
85
48
23
83
17
16
75
58
67
18
97
43
1
67
52
50
85
19
52
84
41
89
86
60
94
14
63
28
26
6
36
15
39
1
28
25
37
7
81
42
56
67
33
52
61
24
61
26
91
90
85
68
72
43
68
24
12
70
95
63
2
49
99
4
59
86
50
46
3
96
86
19
62
85
70
32
43
75
3
33
95
82
50
96
10
32
8
23
5
63
15
90
14
30
90
58
45
29
37
14
44
5
14
36
50
24
39
82
47
67
91
77
51
61
92
22
6
7
66
59
42
51
83
97
84
39
25
20
93
37
60
4
52
24
70
74
73
5
78
79
78
21
67
52
77
74
48
74
95
51
14
95
33
15
8
31
68
5
93
51
42
1
13
46
77
58
54
70
96
21
88
63
62
38
3
70
69
26
84
84
0
11
96
67
50
78
48
52
17
67
35
60
98
74
74
93
56
65
91
29
26
9
25
87
55
4
50
38
72
65
36
56
34
48
77
74
61
99
98
0
73
52
61
35
43
63
55
64
6
48
15
57
10
94
81
52
31
11
63
33
9
80
6
80
7
33
25
68
61
12
11
61
30
96
81
33
23
42
27
3
68
73
62
89
90
11
68
41
52
63
22
24
81
78
99
57
70
37
15
20
75
70
50
77
72
97
59
87
87
12
55
87
59
28
86
51
23
64
90
23
3
49
86
70
29
90
31
26
29
92
24
75
96
4
88
35
90
6
85
42
27
46
0
65
69
37
72
98
15
1
3
20
6
16
41
92
71
91
14
19
59
41
41
0
56
70
61
14
30
26
44
71
81
1
47
68
98
73
59
21
54
36
70
82
41
35
90
3
16
88
14
46
0
99
24
45
76
17
66
1
16
24
42
46
81
46
1
35
90
76
69
58
76
73
15
33
66
20
80
76
11
87
98
3
53
47
30
62
41
56
71
62
74
61
55
92
92
71
47
72
92
44
1
71
50
51
74
21
67
45
61
20
82
18
90
49
90
2
72
50
3
2
75
19
11
15
89
2
45
94
93
42
16
30
87
35
80
7
39
39
26
42
88
26
16
5
8
3
63
30
62
48
22
24
2
72
43
85
38
9
64
17
65
2
74
98
26
28
81
91
67
39
74
87
78
7
22
35
17
44
46
34
61
53
96
61
17
9
67
54
35
24
88
86
94
92
7
49
83
53
75
90
22
1
34
84
74
27
2
53
44
47
33
12
31
66
46
28
90
44
10
17
77
60
88
84
26
81
83
81
34
57
97
85
28
7
28
97
40
53
80
63
96
62
97
20
3
70
3
47
53
28
14
88
56
17
85
79
37
41
64
93
23
43
80
59
96
37
16
58
71
19
97
16
95
53
30
89
63
17
55
13
24
7
62
83
44
4
41
2
82
7
34
46
4
20
37
80
19
33
41
14
10
87
88
53
62
55
13
86
33
49
94
54
4
66
89
85
11
97
63
97
64
52
7
85
91
14
55
0
4
96
66
50
67
69
6
36
42
7
15
69
38
29
47
51
91
20
28
10
19
74
18
86
84
19
65
59
73
56
43
67
47
2
0
0
18
95
24
52
64
40
34
7
15
74
54
29
5
53
23
88
75
97
0
14
15
23
77
43
80
13
60
78
80
20
31
0
53
84
61
74
95
98
40
23
1
62
81
76
92
72
94
55
63
21
87
54
19
53
22
62
50
71
88
6
3
5
67
98
53
7
41
28
17
66
30
96
81
71
10
22
15
84
1
97
88
9
2
33
48
77
43
93
3
86
48
89
32
83
83
79
62
80
63
95
14
14
10
8
81
34
16
45
68
7
96
53
42
6
2
20
48
59
76
45
2
11
93
72
2
76
70
93
50
47
18
43
97
86
47
68
11
40
80
66
86
86
38
40
79
80
35
38
12
7
55
53
15
29
76
76
68
73
84
84
73
25
88
87
66
52
73
5
4
38
37
52
67
53
7
64
54
72
64
71
17
39
95
1
2
0
69
79
32
2